ER	na	na	na	na	na	na	na	+	+	-	+	-	-	-	+	-	-	-	-	-	-	-	+	+	-	+	-	-	-	-	-	-	+	+	+	-	+	+
id	Gene_ID	FID	Seq_Name	EnsEMBL_Gene_ID	gid.ens	gid.gs	Gene	BT474	BT483	BT549	CAMA1	DU4475	HCC1143	HCC1395	HCC1419	HCC1569	HCC1806	HCC1937	HCC1954	HCC202	HCC70	HS578T	MCF7	MDAMB175VII	MDAMB231	MDAMB361	MDAMB453	SKBR3	SUM149PT	SUM190PT	SUM225CWN	SUM229PE	SUM52PE	T47D	UACC812	UACC893	ZR751	ZR7530
ENSG00000154316 + G10010 TDH ENSG00000154316 157739 157739 157739 2.40407377078305 1.78729247250697 0 0 0.521848419890885 0 0 2.93612387242473 1.02721100448275 0.954746522315257 0 1.14787287152778 1.59343267030465 0 0 2.63542170342542 0.160613219058806 0 3.71043280688623 2.23258809282656 0 0 0.537068082584111 1.49934262202393 0 1.27781176011392 3.19615180104673 2.79405917340502 0 2.11676351509175 1.12572530875936
ENSG00000157827 + G10419 FMNL2 ENSG00000157827 114793 114793 114793 2.65075009816312 2.89330696873838 5.95052188357613 3.28553009063546 6.98839635764843 6.72153077667303 6.50490603787269 2.25067720201524 6.2580699336557 6.21129367473145 6.71183753102954 6.53151085482614 4.19014210523567 4.99348491718239 5.24619942361822 3.32278478997775 4.07456983003241 6.76819808331009 1.78140618337899 2.32219115237445 3.15219491813257 5.00190421060708 3.18240398063087 4.25221193035149 5.09909758294438 4.5761663532828 2.33388432614502 2.44127598718796 4.29478009656124 2.55971104473563 3.09773879224566
ENSG00000158258 - G10476 CLSTN2 ENSG00000158258 64084 64084 64084 6.12164962553663 6.78166531684013 1.18765345371235 8.69814236478181 0.335361982329599 5.67143502682759 2.67393112018135 4.86115918045395 0 0 2.50877243520823 1.38116451307356 0 0 2.17577483854572 6.58521315449006 3.90523094098103 0 4.63674566034641 6.44501639305432 0.598417170377479 0.847520881974433 0.559703334235168 2.8968433583429 0 1.61322361081894 4.75886551594795 7.23153554220166 0.613533305038537 4.88557952036199 2.06500476661217
ENSG00000160180 + G10718 TFF3 ENSG00000160180 7033 7033 7033 11.1886952569449 12.8488649155426 0 6.32984666776293 2.97971132678533 0.974414048733406 0.985995470576672 13.1896042625714 1.83374204980679 0 0.535746051048994 1.76818710389727 9.65351352343183 0 1.8516838373015 8.77598549436068 12.8412736230772 5.88528921408323 12.3423152363663 6.30955849418638 5.0466653194337 0 6.52429757346972 6.52828190125571 0 0.691962019111522 8.90414364599019 15.7550742762119 10.0900130575934 12.4151002051857 10.6598542529723
ENSG00000160182 - G10720 TFF1 ENSG00000160182 7031 7031 7031 12.1442268686563 15.3071620730685 0 8.121148313012 2.51172454804243 1.57192213623235 0 12.8985284858215 1.93328798805258 1.52281797603151 4.01551208202553 4.02938380337113 8.06433278703114 0 3.30806368025623 14.3712199083379 10.5332773896758 4.59435289808862 14.5594291761194 6.05582464789206 3.18782075955743 2.52714131433758 2.82301085467225 2.66412354654101 2.57339840580838 1.43338666626639 3.98265581048189 16.1220854238314 9.39082155480723 11.9575844997006 2.78513068821594
ENSG00000162415 + G11031 ZSWIM5 ENSG00000162415 57643 57643 57643 2.03389319757092 4.93838298347856 0.680924671522201 2.83802712958599 5.69538983567144 2.87019704873045 0.603675279042876 5.01393767739372 1.10464187294413 0.332009752696284 0.978330633403126 2.85300529697562 1.8731533969467 0 2.4004645438318 5.76019221021849 4.33984733351874 2.3960366929042 3.70996286669703 2.2482324802735 4.05538949805384 0.0901542548547641 1.91780082373871 3.13653637449778 1.09590130233796 4.78099867770939 3.72650284208277 4.90391306099168 0.771477300492899 3.81846157395784 3.84850481924545
ENSG00000162755 + G11131 KLHDC9 ENSG00000162755 126823 126823 126823 4.88961978943296 6.17724267969944 0 6.34218408760651 5.37002760278616 1.52383629930497 2.61190541973572 4.28802562454234 0.592163529718278 0 1.76996097107016 0.608533931841509 6.55182622410409 0.323416422151511 0.561190064084392 4.52739553356837 5.11675649313137 1.04404894848318 4.57439256692073 4.70702926272561 2.83232141737368 2.54855986640315 1.34103943994854 0 3.93031957392785 5.5464474495519 6.86925431024597 7.80752689948423 6.41736903995647 7.3624055476983 3.65621801628642
ENSG00000162976 - G11189 PQLC3 ENSG00000162976 130814 130814 130814 7.54070316415804 8.39094134577754 4.70209728041668 6.99376231738191 2.68967546952356 4.53053739217352 5.23265002183304 8.22533607153139 6.99483914119606 3.85529593973431 4.32835069108674 6.17893258902447 7.7186096302867 6.85171843971726 4.1950811620402 7.20794439481453 6.51786573660462 5.76042868805129 5.21343374510205 3.14035590186758 7.13123384589141 5.23630139134397 6.47435465873073 4.84790878797814 4.05509250991396 6.83418959186734 8.38243554814526 8.61741559216318 6.76763946851746 8.46661082151329 6.68925490450731
ENSG00000163704 - G11423 PRRT3 ENSG00000163704 285368 285368 285368 4.95089206912634 5.81527724952272 5.0674700187205 4.50062173875909 3.84617396748982 4.80988253197495 3.67151747657172 6.06605911314165 3.70013814594811 3.14588861661626 3.30009764336555 2.00527604603946 6.25520757958838 3.05039580408047 3.94233799460183 6.30812965727441 6.01211860666011 3.01605279051881 6.81561862608138 6.2474711814876 6.76577557999659 4.2813650003947 4.20188493183139 3.5371261536367 4.33142587527131 6.58076043769799 5.38060954311463 8.46085980628114 5.40789362509734 6.74703852713489 6.98506894111375
ENSG00000070731 - G1149 ST6GALNAC2 ENSG00000070731 10610 10610 10610 9.12871797354253 7.71945727295317 1.37522580382694 7.2433164586539 5.66547549541104 4.45007082748577 1.44536808535054 8.39963475081235 4.05804396279579 3.36677997802127 4.35852057654121 2.22709224369456 7.87461752438311 5.84576092197041 0.856001352483779 7.62567388060004 6.98471316253209 2.07525320692742 9.92794880326798 10.3054528285341 3.66939715825412 4.4075945031713 3.93917887103028 5.78406009139448 5.15536873568522 8.18477510279698 8.19655131662853 9.06311305626588 6.24649339340275 9.68928215006293 8.08211617622839
ENSG00000164402 + G11665 SEPT8 ENSG00000164402 23176 23176 23176 7.4090000155399 8.90097991793781 7.40128216830372 9.80629102639035 7.03770495585628 5.95457737943129 6.36528621444524 7.57360458639416 6.96815390845242 6.98075891520688 7.53106129097509 7.10169017979109 7.46198267526308 7.19939219895225 7.3254006829092 7.36502984627535 7.39364621559911 7.50558953170326 7.4904031590622 7.22113129946038 5.91112103660539 6.00932935775018 7.58991106860902 6.88467148570592 6.57778835348854 7.7043727539069 8.47800688147495 8.42435190103121 6.62997765759819 7.80471102920327 7.47664543192189
ENSG00000164919 - G11799 COX6C ENSG00000164919 1345 1345 1345 11.3080545426299 12.8039899229358 10.3010006959407 11.6782774905784 10.8575278476281 10.6946226509549 10.7218952143886 13.6303449757249 11.0284434952262 10.5150762824533 11.0413846937562 11.5075588071828 10.9852121210195 10.7961024011546 10.0808872650921 14.6499364157863 11.9451167157424 10.6342794290039 11.8181226429655 11.143384807159 11.1556041768009 9.37889948709147 12.0696390051084 12.3274000713552 11.4440003815359 11.655757707611 11.3631228990689 12.3659423553715 11.4001745655842 11.9799671108996 11.8428157278176
ENSG00000165061 - G11835 ZMAT4 ENSG00000165061 79698 79698 79698 3.09950892561187 3.29388233220062 0 3.66131226077926 0 0.475232603413955 0 0 0.187074249781417 0 1.82477674089115 0.95583423743283 0.817866290676945 0 1.03917814111719 2.00214977435699 2.7459384295572 0 3.88958919977859 4.34326394632656 0 0 0.311057994104214 0 0 3.80721334594062 0 3.79238789374156 0 3.05669329776352 1.48638439544539
ENSG00000165475 + G11931 CRYL1 ENSG00000165475 51084 51084 51084 6.83748460594413 7.14902637714726 5.78271594933145 6.73645856416697 6.15909068773818 6.36986298675671 4.83428259712671 7.72279159356964 6.5967700852229 3.67532177543994 4.74418392535513 6.27805707842881 6.86678554598062 4.06006866124961 3.50885163412846 7.20979258581814 6.00525645767124 6.55241592048807 6.55986421983172 4.82298156811877 4.79447578581444 4.15656433630341 6.47595705283767 5.2670974986044 3.09801051689682 5.59971215302558 7.28113162397132 7.87985155417906 2.92321294334999 7.17803671262603 8.03679194478042
ENSG00000165731 + G12004 RET ENSG00000165731 5979 5979 5979 7.90633634492482 5.65970316490961 0.875431834262639 5.18532384380169 7.21605735884788 0.891647196461319 0.301871476451639 8.0782249489444 0.317231655758505 1.77014074829479 1.0823202749661 1.45685489772926 2.10553402957016 0 0.107445378829478 7.47895925170869 5.2297215449117 0.997318039356954 6.49639079394309 5.75900523939821 0 0.0972434550771748 2.60591052364476 2.61918531908393 0.148188620053108 5.60518530004017 2.61858955734462 8.83773648378505 9.22569982814189 3.75879014306896 4.07687568851481
ENSG00000165863 + G12033 C10orf82 ENSG00000165863 143379 143379 143379 0.255902175664804 4.8622813045603 0 1.05162896544533 1.36971537907262 0 0 1.07986354932609 0 4.11999833067798 0 0 0 0 0 2.51954914276812 3.49611378041372 0 0.650997072771329 0.396495876470138 0 0 0 0 0 3.75674884619516 3.64716359426748 4.16702833881744 0 0 4.25358636835877
ENSG00000167769 - G12546 ACER1 ENSG00000167769 125981 125981 125981 2.73328361909767 2.65713890383707 0 1.67937660562837 0.374803377950164 0 0.292647890361026 5.59370536411816 0 0 0 0 1.56160847366082 0 0 0.481232113766113 2.04634039546624 0 1.01070270298293 0 0 0 2.1791478098605 0 0 3.78687935544997 5.69357264897403 4.40438913624285 0 3.06750986654669 2.48266335361191
ENSG00000168350 - G12703 DEGS2 ENSG00000168350 123099 123099 123099 7.53736292369644 9.24496932300564 0 9.03323109387136 3.51762550658636 1.94049441072609 1.76977306140904 4.17288354216801 3.35141945630263 0.546714072612774 3.56793992546149 1.6425748520872 6.7223288600767 2.54709166550565 0.40577106943498 7.80779684720397 8.00126097860947 1.04861507105048 9.19694236050763 9.08954001016822 5.85133859156761 2.69914579878942 5.09768918880072 8.90879428389115 0 3.68609671837768 8.55709988920053 9.43859578475379 8.12030729176079 11.1821172886821 8.66708060700711
ENSG00000168421 - G12724 RHOH ENSG00000168421 399 399 399 4.65804153418523 4.50962581132878 0 5.20689528273767 0 0 0.285075322355394 5.48704080601648 0 0.208044689489846 0.37911552096277 3.14489476926235 3.9826017368536 1.02384393910264 0 4.41347875801759 1.83512925213925 0.537952659477869 5.71893924354069 4.61882502386615 1.33131930237203 0 3.76402934369055 4.36637041931331 0 4.98897666255889 4.73802931364784 3.0367533630006 3.33666650666528 5.33599408789486 5.25938273549355
ENSG00000168589 - G12764 DYNLRB2 ENSG00000168589 83657 83657 83657 3.16893993563761 4.21095958687186 0 3.07554340066595 0.993927424671588 0 0.444674335738147 4.72381927279764 0.673031183415103 0 0 2.56079424765642 4.79765095985635 0 0.809377552508481 3.52959254841396 0 0 2.58165453927942 1.13477269604834 0 0 0.597529607984522 3.93188028470301 1.02783119187662 1.81939920880349 4.0195752573359 3.96539895322827 2.05120217808846 3.56947019762893 4.46223860868853
ENSG00000169239 + G12931 CA5B ENSG00000169239 11238 11238 11238 7.14721314629791 4.47351187822207 3.71293713958954 4.74695559652213 2.90663170772522 2.95378371423563 4.1590503385299 6.43772425811333 2.69057535619696 2.45740216873703 3.61619815478371 3.55361893731997 4.76751983334861 3.5364947531818 3.65768850012928 4.65126977960783 3.93701048956606 3.06464056979777 4.5505599347442 3.35921649193336 2.53928468038088 3.15602511813037 1.95986025723317 3.53769624726063 1.97587243434848 5.37125843994542 3.93250076093408 4.20772600652238 2.57593664500088 3.07295258602296 4.80142278290788
ENSG00000169347 + G12959 GP2 ENSG00000169347 2813 2813 2813 0.794676455571677 3.6876904321476 0.278953875903477 1.14120275703701 0.214021726706509 0.238963638195735 1.0502074351747 2.49197236891115 0.439525550098163 0.123877399757422 0.5109802685205 0.380476962978632 0.152698449021301 0.254731722295815 0.527649667779611 3.00257622168778 0.55541686722999 0.0715531146380185 0.68222174110665 0.135422459409973 0.278894117164405 0.742810334195423 0.116351629837362 0.242612271165616 0.12302675097345 0.242616181363274 1.27565121175078 3.05928609727679 0.422630831428579 0.909242381802095 0.711728069527816
ENSG00000169429 + G12975 IL8 ENSG00000169429 3576 NA 3576 0.281437837721981 1.35456686675019 5.0008888084004 0.485866536369513 2.43024133290327 5.31822798065698 3.68314467846548 0.143554898237806 4.1919128709444 5.29829485360605 3.33962780007932 5.78102465444041 0.472633684966701 3.94880282424609 7.28194455459377 0.257675640886264 0.393638235514625 6.16649267155851 0.837462466215079 0 0 6.3091057859416 2.99503833008458 3.77787683644512 0.694336290820889 0.717501138697528 0 0 0.183146109941534 0 0.843894874039196
ENSG00000169891 + G13082 REPS2 ENSG00000169891 9185 9185 9185 4.7048230415559 5.2179596776115 0.51003832297211 5.86660272682726 1.78942921855759 3.11524283414269 1.45545408592339 5.71011847011812 3.7918475790473 1.08611562401686 2.2251916017047 4.49011020459949 3.0768721703791 5.14722636197126 1.27403548340318 3.94588118459811 4.13960190283526 2.97065575088895 3.70704200890728 3.68355170278759 3.01625210922174 2.78277626172423 2.84284730951244 3.52828834000475 2.96000213262238 4.67110991310055 4.82145667252319 5.02885303100272 0.987537267053597 4.556290854645 3.84090557669686
ENSG00000169895 + G13085 SYAP1 ENSG00000169895 94056 94056 94056 8.58087758015944 8.39472160864027 8.43873488628609 8.10756159524021 7.21001342617473 6.90293497499529 7.15142243069937 8.84541492926445 7.79984336696308 7.66141355155256 7.90996073550637 8.67095730124441 8.28759801024252 8.07309390024664 7.68077760490733 8.50019337109695 8.00928138966637 8.21438937892672 8.62603069067921 8.05325201536967 7.85285641429454 7.28760226033727 7.89611552415806 6.83270615438884 7.41934812607889 9.13087780934204 8.93704590588405 9.25767977435811 7.95537139288076 9.187146682764 9.09115251205436
ENSG00000170500 - G13241 LONRF2 ENSG00000170500 164832 164832 164832 4.34766030387118 6.69432734391469 2.29562612812418 4.29307481689043 0.948105052145259 1.4732685574117 0.355749359211315 5.13871680107145 0.333373720689727 0.31323062184037 0.599242826268875 0.206361333214952 0.113290205559461 0.0352168052512137 0.265813644350045 5.22385061044056 0.799397981291348 0.663026944620723 4.31862787037824 0.0706638679309233 0.305325151153669 0.152779464369081 0.146645807167774 2.06584815232878 0.0898687993744523 4.00442478310327 3.39328763651498 4.64517517562147 0.232471132086102 3.80433906389182 3.13761240100019
ENSG00000075461 - G1338 CACNG4 ENSG00000075461 27092 27092 27092 7.46163750904947 9.78158780400329 7.42984934259422 9.2041961974521 0.226010859817567 3.46900048273821 2.31184037692399 7.5420057150415 3.81613058960569 0 4.74855955631393 5.9565878005375 5.01513592521994 5.11645077496892 0.870973468772666 8.06997903521968 6.9615818388032 0.802903114127071 9.65418547134152 6.50907060653066 6.76516889873965 2.97760750106333 2.32950385408066 8.17159614731405 4.91995002802699 4.33678472508515 8.44113000057365 9.59221164875667 8.89572489776926 8.98136307643125 9.57363328607133
ENSG00000172264 - G13685 C20orf133 ENSG00000172264 140733 NA 140733 2.69058388048034 3.90897654038035 0.393787206788276 5.01716771898917 3.30630727724549 1.54903709928309 1.56933641329418 3.24219781368357 0.876366611549609 0.444531433564233 1.13800651234326 1.0119748822055 1.33859201258004 0.0409350342223051 0.524630663288833 3.71201977381384 1.21463634232261 0.164569899488112 1.99272027700968 2.5882188430107 1.40258445570007 0.888532576919093 0.651962042334308 2.76579328724389 0.54250860043558 1.60492236827036 1.991372944409 2.26903583393618 0.314487826159616 2.79579279884255 3.06370942958156
ENSG00000173467 + G13976 AGR3 ENSG00000173467 155465 155465 155465 5.05935151034033 7.95016252664545 0 0 0 0 0 7.92087998437296 0 0 0.809716691142022 1.35248740530643 0 7.98630036760611 0 4.75267255136378 2.74310938495787 0 2.87279653324776 0 0 0 4.20955051776987 2.46305999934437 0 5.50458321157911 5.72541642093957 4.84876108726844 0.415189381175195 7.67897781699073 5.22746427282437
ENSG00000174483 - G14185 BBS1 ENSG00000174483 582 582 582 7.02289093872709 7.03127385013291 5.2408163835097 5.97072301427597 5.5256882135985 4.56288772400141 5.76368669138026 7.3746306358134 6.25286093001551 5.93393113457229 5.81736404138667 5.28881217541188 7.1484760804264 5.53793248311771 4.83328977550828 5.87189666969423 6.55872944645401 4.43548158555123 6.50318061555685 6.8688874830192 6.04009728656198 6.0913857046472 5.00353914287804 7.13033837484627 5.33642050522307 7.44357457458075 7.63784673237311 7.19944942168325 6.13192949830449 7.22373331161975 6.98413033488067
ENSG00000174498 - G14190 PUNC ENSG00000174498 9543 NA 9543 4.24711031248663 4.94238764076678 0.806929069040521 0 0.0899619411107232 0 0.197015255312199 2.51375487707588 0 0 0 0 0.504717053139619 0 0.571744582382103 5.08186953931992 0.229077074951501 0.403068194127026 3.04389183363467 0 0 0 0 0 0 0 3.04235539638065 5.31748355692818 0 2.57912715556002 0.533545660316043
ENSG00000175356 + G14379 SCUBE2 ENSG00000175356 57758 57758 57758 3.33512878567663 10.5350715376717 1.96730737601908 0.997458994768386 1.54846097747873 0 0.856288867767986 3.36058828558555 0.404309300759188 0.412314754436513 0.913968233382614 0.517413751586655 0.266147516569598 0.0649690116975467 0.992038193364564 6.7906071467921 5.76678072522421 0.0681167414396991 5.21717497880065 0 0.558904825435188 0.143793006465572 0.484274635926234 0.659850561041301 0.217353240441623 0.15444349209414 8.57765177123212 7.77315105727938 1.54073853796987 6.16356917100003 1.12943862308112
ENSG00000176597 + G14658 B3GNT5 ENSG00000176597 84002 84002 84002 4.40089461989661 0.127878395832844 6.23108127067421 0 5.5255325438231 3.9394050455868 3.40851108999991 0 5.7446754484766 5.84392101416766 4.61586957082418 6.31796354885585 0 7.1724169969571 2.38521856751593 0.243022128832395 1.92073139515094 4.14932654329357 1.73587793122786 2.52207877023586 0.793219231602162 4.08653772160956 3.51973603056572 3.50537170012197 5.69592915221205 2.21116941926487 0.566262605339631 0.491999559605378 4.08326567646939 0 0
ENSG00000178988 + G15220 MRFAP1L1 ENSG00000178988 114932 114932 114932 8.62793995437442 9.05022633211747 7.74901497000835 9.03252896343775 8.66882093931806 7.54332267107149 7.10976290697216 8.75977197703655 7.8603391702236 7.02993152940675 8.15306447495067 7.54244617957948 7.50468853876244 7.81333012557039 7.54552483197388 8.85371370326624 8.15530869957038 7.54785575295882 8.461583425751 8.10685872667941 6.99854861527913 7.7535998264066 7.58374788114749 8.52550163185041 7.81247225374795 7.89779225202572 8.45193574897885 7.88329423944592 7.80258523322096 8.17398369934275 9.04161599698713
ENSG00000179010 - G15226 MRFAP1 ENSG00000179010 93621 93621 93621 10.0305218304997 10.4439403179396 10.2650456744943 10.802968051519 9.78872522173742 9.57677323641043 8.84933188958492 10.6880262491555 9.39631038277162 9.46143857777838 10.0184043300942 10.1212371438584 9.1417217433477 9.35200701018621 9.90563704084169 10.8656186141375 10.0139299154488 10.342167505302 10.6959066900271 10.4568486342402 9.1775555864819 9.8774200714742 10.0231096426189 9.7857560898783 9.9441136694591 10.9786760244076 10.7979399457979 10.4803422668695 9.58149779568526 10.353822226509 10.2396016855386
ENSG00000081041 - G1549 CXCL2 ENSG00000081041 2920 2920 2920 0 0 4.04029994259868 0 0 5.82997093153144 1.94560983613625 0 4.49531785973535 4.34716155198474 4.79981329052332 3.86978646600342 0.954403283967457 6.06527006001503 3.05763574467726 0 0.324407797188876 4.35466700001477 0.289328331500619 0 0 8.00911494081223 3.23600476528936 2.56226789032093 2.31648710030406 0 0.929485470567028 0 0.149456791766708 0 0
ENSG00000180777 + G15614 ANKRD30B ENSG00000180777 374860 374860 374860 4.52230612716927 0 1.10845984152822 6.25973982239254 0 0 0.367465683880798 3.97206581383954 0.12729382046262 0 0 0 0.13456111369669 0 1.70998900879311 2.45940711758529 0.169597740830134 0.900995810857546 4.72047923866753 0.805049029749777 0.684548548828132 0 0 0 0 0 2.21557151680214 4.17037350885573 0.0990621030904613 2.13189803240913 6.61713945286978
ENSG00000082175 + G1589 PGR ENSG00000082175 5241 5241 5241 5.81409712467115 4.607294010907 0 5.11313556802506 0 0 0 0 0 0 0 0 0 0 0 2.24821545073844 0.085526730182494 0 4.3203279812304 0.0975277432711066 0 0 0 0 0 0.844921517772466 7.85223985253457 6.97850096344416 0 6.26105350015179 0.123401515961122
ENSG00000183044 - G16172 ABAT ENSG00000183044 18 18 18 6.91012692687735 7.95555695878214 0.793974312184439 7.86690510621307 3.45828600771977 1.92478878574183 2.46888274602402 5.66881478611929 1.5818823781465 2.38863386641949 4.62926685554714 3.21064360931904 4.61403133317557 1.20944926705909 0.893729873751681 7.13369291089131 2.95879144518837 0.215054691819297 7.41968492513903 6.06084028068297 1.28812883879794 2.44456567730226 3.23089900747876 2.70727438745791 4.81677953490723 1.61717791222961 6.29617175929163 8.36144497281212 3.53775343494676 8.24735713002968 6.86355974952149
ENSG00000183317 - G16251 EPHA10 ENSG00000183317 284656 284656 284656 2.71719723835811 5.59444186158866 0 3.62860325996353 3.08353816922307 4.15353482147922 0.101972541555198 2.95782630836095 1.54973700566276 1.29231884768647 3.2743113079008 2.75869712514728 0.0893659076762928 0 0.102073346436478 3.88936451007243 4.3856340374522 0.952547629656371 4.05002652858254 3.07526759587892 0 3.16315320193206 2.2889046011991 3.76244342622617 0.860130393233545 4.58534969084897 4.04153023773931 4.45829010589285 0.546537069758759 5.59868204049825 3.25333278015625
ENSG00000084444 + G1658 KIAA1467 ENSG00000084444 57613 57613 57613 5.1794690667652 7.5784445476452 3.63207107124909 7.01047337645441 3.23659321466509 4.41295111805042 4.62908813211535 5.53765474072346 3.9047740181112 3.94700212262358 3.69263288809198 3.45733197487618 6.15585126154606 5.31667500152329 3.67899597268782 8.12293946464143 4.59900225368005 4.4876771956832 6.58738198416963 4.98897956000534 5.1176502518656 4.11786326209861 5.54226816275127 4.57936914780847 4.08908835160714 6.74669273958756 4.52105165276697 5.9942706157683 5.6949736396338 7.13839877577218 4.6729897699513
ENSG00000185261 - G16844 C5orf36 ENSG00000185261 285600 NA 285600 0.883434539975914 2.05770336988209 0.738247401852097 1.26217428304361 0.329420998880253 0.654364639074446 0.571549613554087 1.45165247625607 0.206350234128599 0 0 0.399450323107799 1.01448138208458 0.20574506382706 0 1.07749482357684 0.186172683789002 0 0.0568274284993912 0 0 0.431635932090667 0.178727333267076 0.134874485310883 0.623940607991835 0.956063076183686 2.14907941996044 0.652155607112316 0.160562877673203 1.1523975788812 1.67091466769585
ENSG00000186910 + G17325 SERPINA11 ENSG00000186910 256394 256394 256394 1.18806064577325 3.03015924623878 0 0 0 0 0.366341591402201 0 0 0 0 0 0 0 0 0.717903668173968 0 0 2.62199436524526 0 0 0 0 0 0 0 2.70757282687528 4.2483005481314 0.120317176835701 3.08710989447229 2.42312698187889
ENSG00000087274 + G1769 ADD1 ENSG00000087274 118 118 118 8.11860097398877 8.87959654856524 7.71112884570512 8.65240203575068 7.91533838693094 7.32979451711199 6.36980680470481 8.53881867114759 7.40629767944512 7.21090373987972 6.78924151688472 8.32707337220057 7.84778936419497 7.57243885218324 7.8636738148248 7.94809419661264 7.89414655207974 8.3599183240321 8.6204504738203 7.71778931289064 6.96379994424812 8.34162163267886 7.72449197746128 8.23284287645203 7.92184804195051 8.38494341433044 8.60855738714727 8.27968229142012 7.71409717107117 8.3822223808735 8.69549823551295
ENSG00000088002 + G1790 SULT2B1 ENSG00000088002 6820 6820 6820 8.06642770947972 7.88840215258934 0.851423759221547 6.51438396595551 0.496044346900886 3.66227793170158 0.697881870254327 8.04998573811394 1.73637412041988 5.00609624239328 6.64904012193378 5.92307632805638 8.7624979960623 5.65866056116116 0.391084969590462 8.88014828787877 8.56896360046092 0 7.65755198053502 5.73236259659044 5.80993020280595 4.07304737819871 6.06129250072142 8.16762523181558 5.1519619151476 9.62202522737777 7.19804100984488 8.60981197596863 6.60649396603838 8.0466458295849 7.39064961703575
ENSG00000196208 + G18160 AC110754.4 ENSG00000196208 9687 NA 9687 6.46267379555683 8.88052931500984 0.227010112801862 6.9764434910412 4.34031358387213 1.67406393136221 1.50478790202032 2.98349918218875 2.08014490362766 1.20049268271081 1.08170658214871 1.13140768704371 1.27446090427625 0.671157328033088 1.69986762479414 7.63649148884919 1.29996900898055 1.7316881929711 8.75034040187272 0.679962768196101 0.5252416910439 1.92948739229411 1.89924499068988 1.19506192580951 2.33572826826889 2.91007900963719 7.40369344950896 8.64902531138073 0.686391261447097 8.68631161938695 2.18641327417279
ENSG00000196557 - G18321 CACNA1H ENSG00000196557 8912 8912 8912 5.08667689837808 9.22516966453834 1.01551158664816 1.67633824759296 0.450488422213011 0.113992542014814 0.0396384217271811 2.48466935125827 7.15402844579222 0.665929333521383 0 0.424545131906698 0.256332328125466 0 0.474723763467104 6.40612063272877 4.86865119154762 2.08944529686016 7.13611117362512 0 0.328449005167835 0 2.34891863096026 5.48345265220906 0.692000005519571 1.63047476340238 6.36211637310167 9.03271016773168 2.28307744307738 4.12800723340589 6.8309592753458
ENSG00000196636 - G18355 ACN9 ENSG00000196636 57001 57001 57001 0 5.59742626284358 6.83406785389727 0.702612099066742 7.14257613343438 6.97101135778546 7.63646008003817 0 5.87030651749214 6.28350751527526 6.59971897853999 6.75706727446734 5.97064741283 7.18882029306922 6.5116417899434 0 6.22586913265354 6.56420681186638 5.92349148778842 5.6962171111056 7.74572971947993 6.34891470940977 6.77726838509026 5.63538057397344 7.76446249494669 9.22545019858977 0 5.46035204940397 6.89748297575191 0 0
ENSG00000196639 - G18356 HRH1 ENSG00000196639 3269 3269 3269 1.91642673675934 1.09633191080136 6.55074620925614 0.114991100582494 3.51453077683312 4.24046687646022 5.4469892354072 1.20314026214769 1.29908788894335 4.59400487796255 5.41179881664924 4.36317116627471 0.400769892144134 4.44722041596691 5.29187972433887 0.362937662651669 3.03841485853255 6.3667836955904 1.78382442544117 0.103259041486994 3.80783133250189 3.1738970667364 3.82800327365887 4.2500361428753 3.90872458509941 0.393499182321126 0.0661478687621114 1.28353475469436 4.32440163775447 1.33010665034681 3.25448183770376
ENSG00000007402 + G190 CACNA2D2 ENSG00000007402 9254 9254 9254 4.19633867907029 4.82604023569118 1.61855283073035 4.64884473978589 0.877589120839805 2.60365720105632 1.10280617142002 3.87784482842267 1.91941277523893 0.225446357641229 2.55818608430778 2.70491568814097 1.98947230904093 1.47221619305613 1.02124206675367 3.49804395470968 4.30706484179045 0.219399611892115 5.16526023908856 4.20603028546516 2.67820105306632 0.187354549419353 2.46262194223163 4.48702261478318 0.633141549216982 2.74555174625731 2.2888229727191 6.94261048058955 2.18754410773864 4.81161590461029 4.95416828986364
ENSG00000198133 + G19015 C14orf83 ENSG00000198133 161145 NA 161145 6.09010397149481 8.11358003760156 0.403691218858045 4.26962706732466 0.988271321484124 1.28365082319395 1.5683227862726 3.76455045265677 1.44751202712413 3.06816064305393 1.43408050618176 1.63548322014057 1.79578532997689 1.57942958857191 1.08716607592387 6.02830366645331 3.95383125576948 1.45959703916395 6.3477698352897 1.746313105448 5.16578359724503 1.14080015472299 2.70667939423284 0.576111713128815 1.85187207995453 0.759619766491328 5.48186888377878 7.79514897946923 3.98575725015145 7.07833385411114 3.12266076739616
ENSG00000090539 - G1919 CHRD ENSG00000090539 8646 8646 8646 1.09752445400297 3.17081599940846 0.438510160237695 4.0378877619895 0 0.121076690783927 0.61279177962299 0.831956840505109 1.94502759034889 0 0.314692026876652 0.517575033293429 0 0.128988132128109 0.497508247586418 2.66986066215254 0.537714038573034 0.57110555894225 3.20443736147176 2.70153865000656 0.491914604969138 0.965990043562812 1.55383998875046 1.77647263282926 0 2.2338769767436 5.13365748828108 6.64955833759667 0.194826884232041 1.13524287728447 2.45019800889472
ENSG00000198863 + G19365 RUNDC1 ENSG00000198863 146923 146923 146923 7.06137933040364 7.81067630873943 5.58159365195037 7.44804450031159 6.2543259289562 5.68054786084478 5.38120254698142 6.86633673518409 5.81662845214945 6.5219028440122 6.47130885821816 6.45313065627225 6.52028140678667 6.31416330449807 5.90572471129664 6.61614887151185 6.91980282884006 6.65494478553832 6.88914423638961 6.25995616717876 5.9614466798321 5.63924259871049 6.45351776363978 6.02650804548046 6.50989177970619 6.65018334724682 7.10652010411648 6.46809474003608 6.91780714765268 6.84265804809701 7.28484304792096
ENSG00000198944 + G19421 ANKRD43 ENSG00000198944 134548 NA 134548 3.6806838560397 5.99512415575459 0.149146188334116 8.08282557083073 3.92831672134932 0.246701944117571 0.394248872187288 4.02663781515434 2.72591486478326 0.341202947901452 1.44850023160607 1.90124353361601 0 2.01139430033617 0.325381392966955 1.38126242801957 1.46270442660107 0.0735163368136136 2.73402267148614 0.684463472319772 0 1.93123022715256 0.473197937987298 0.58702566526421 0 0.737395709619617 6.73097485123764 7.70229502805943 0.469886006482518 2.46121096557334 2.40807593252512
ENSG00000091831 + G1978 ESR1 ENSG00000091831 2099 2099 2099 5.78848641592656 8.04332264658125 0.127535055855086 7.50776933076412 0.190887551646717 1.17621769599362 0.180584243383351 6.30115454241716 0.800530807561962 2.75589744374612 4.04155909712763 2.38662582418789 1.7118314878725 2.30558922832891 1.14137013075931 8.26377043839916 3.03502113636212 0.633247147556139 6.37215151846074 0.228644285808491 0 1.07275441509279 0.935793565033244 2.26267449007223 3.48540487858804 3.76129088866876 8.21767602376323 6.73281604007932 2.2837786788951 7.41311542861879 6.62486313800546
ENSG00000204276 - G21825 HLA-DQA2 ENSG00000204276 3118 3118 3118 3.42436682327704 3.04825337704427 0 3.56267234051187 0 0.806775848050997 0.814127014442151 0.784203955005431 0 0 0 0.505121350990164 0 0 0.173644501238164 0 1.64465030351104 0 4.18246739404237 0 0 0 0.12064650583157 0 0 1.51004493777086 3.48579439438015 2.17588989344696 0 2.98680330857602 1.02849888692326
ENSG00000205913 + G22603 AC092117.4 ENSG00000205913 100128788 NA 100128788 1.6588382957323 2.82006531256581 0.212500099157252 2.1551119132314 1.88538961034668 2.00692540594376 1.23684192981389 3.31172195126137 1.44296462454991 0.610159280357672 0.592367539726392 1.33866630172959 0.895050905324798 0.711369029166123 0.804959995344546 2.57406720252539 2.09496053322897 0.600864466927186 2.12265525790131 2.7335564360146 1.69755651824144 1.34799750182231 2.76521294011075 1.82788643359817 1.14499620733975 1.6508792794112 2.19401413774011 2.53226607703785 0.20362415113366 2.07439037951793 2.87548858387201
ENSG00000100219 - G2267 XBP1 ENSG00000100219 7494 7494 7494 12.320109074105 12.2986615120933 8.24801799251505 11.9136426609431 7.8844484591584 7.9193771695874 9.51043841579423 12.7560561696286 10.7989982643965 8.81853944242088 7.97651982147422 9.4858781870145 10.6750991256912 10.4310498461896 7.87552313720627 12.9856826244854 10.1011544568704 8.40596182032061 12.1711871209448 12.9604649713607 11.8372475979522 7.31517213638422 12.0969590294293 12.1358379259649 7.28541532069418 10.8884879389862 12.4242317798251 12.1691693564684 9.59915014290575 13.328836973046 12.6253264963679
ENSG00000100711 - G2419 ZFYVE21 ENSG00000100711 79038 79038 79038 7.15207854903544 6.70118817728494 5.62449681191162 6.72437518428791 4.87374836808703 6.02051822443313 5.00764132828657 6.88671719994928 6.00411980847933 6.00319016043833 6.18976264279372 6.89833681537295 7.08447818908445 6.49642157228558 6.01516763062219 7.22450106341773 7.51469999553676 5.90609392447253 7.1810411871004 7.51409307943717 6.21298043681264 5.92826561686819 7.2370798914373 7.14369691403661 6.66620981108449 7.62828604810658 7.7453141661631 7.11533979181601 6.41397839528108 7.51294753027891 7.94009451946427
ENSG00000101850 + G2630 GPR143 ENSG00000101850 4935 4935 4935 6.21682035207233 5.46076331052878 0.829633679179936 3.80451359293627 0.422118156187236 2.69343616919021 1.01347210261573 4.97445409546117 3.72051441323742 0 2.17520182473117 0.144929179359862 3.65854571888389 1.55001690510404 0.600119799454498 4.54241802881086 3.73901793002799 0.713303005593053 4.7238352379134 3.86843669150448 0 1.24191586035951 1.67691370068811 4.30448820757792 1.16991174891304 5.23870066301739 2.08608599185056 5.95669084467595 0 4.13253186302278 4.26605611708881
ENSG00000213204 + G28144 C6orf165 ENSG00000213204 154313 154313 154313 3.85065661548673 2.98945708328793 0.306619373793465 2.64424926819547 2.14814469361191 0.838581394780674 0.185713647428155 3.48499441199408 0.520597073512457 2.25384079411101 0.457331236808417 2.78782292084494 2.87551353238259 0.282843872295663 0.0959380002339595 3.6098482818943 1.86720367741958 0 1.60936128207417 1.21322921414423 0.297440892414694 0.315894686530521 0.807548720115234 1.22260959940924 0.363685559839389 3.15232559488721 3.73491357493834 2.95699155185544 2.04256836308722 2.52898654985393 2.07606743248963
ENSG00000105388 - G3155 CEACAM5 ENSG00000105388 1048 1048 1048 5.212118063611 4.86325809833097 0.0706841945151682 0.771551981504988 0.208918878789885 0.336464798473611 0.237292124318966 6.86534856770936 0.193959717940443 1.52221398885763 1.99507677532701 3.65058541222699 2.64688154435314 1.98303201215828 0.444792128770869 5.75910532583029 6.27624138078536 0.256775817202805 6.80292363982675 0.249943917808687 1.72759777058864 0 6.98777542369679 5.41297674385416 0.662642797700764 3.59678888388628 3.7251718023124 3.87597267943136 1.58387311219145 4.88075808758844 7.16344570163648
ENSG00000109861 - G3789 CTSC ENSG00000109861 1075 1075 1075 5.30620315517182 5.90043696329317 10.0707077171731 5.54191130954302 9.57275865088752 9.91727408386783 8.63857824232682 0.772417066115077 9.09568416043848 9.32029894899098 8.30095960766888 11.3542874200087 7.10645095690121 10.7605754979189 8.52532035056657 5.47888015194002 6.81630776155334 8.96588492893675 6.54334198000925 5.96706355413596 8.85348929361906 9.538765531113 8.07928543235245 6.96586425585491 7.54779719498415 6.04836418339297 6.75317353223962 5.99434996776264 9.4712692992794 6.55257810587191 0.527132773322101
ENSG00000111912 - G4061 ESNA1 ENSG00000111912 135112 NA 135112 3.43992524560997 3.20306356179342 4.96103862503156 4.04320873269528 5.41900434749102 5.70195748037866 6.04516632435785 3.97997579557642 8.07597635793434 4.36135426413912 6.30581024228892 6.89212029331216 3.61412530330535 8.49908250017454 5.00171728395508 4.08152629159133 4.99611250363455 5.9277413633398 3.54840056425546 4.58752917481237 5.27031572005005 6.23953837438879 5.00947332950622 5.63908969085221 5.42970679526315 4.52243839404944 2.34550614313298 3.89786778545643 5.43609683074301 3.7440606531418 2.89571866433418
ENSG00000113494 + G4271 PRLR ENSG00000113494 5618 5618 5618 7.70427401751559 8.05196823946971 3.81717717416359 7.5802453676878 0 4.3622377623202 3.80733849636581 7.54863816384099 5.39588575592586 0 3.01711059863552 4.47127489631611 6.81108833109306 4.88818338083072 0.851386922097127 6.96675440598712 4.53179720080397 1.85005002543063 7.07280476386398 6.31218717773547 6.01690320070104 1.95629837430669 4.26449396878905 3.66418002266908 0.214108910994531 6.94873428784045 9.98891605391342 5.33440895043661 7.37331680026035 6.08311048992138 7.90923530545894
ENSG00000115616 + G4546 SLC9A2 ENSG00000115616 6549 6549 6549 7.16242160659977 5.59814098527455 0 1.03168408940525 0.923493454188359 3.51680260049864 0.163361556120388 6.85002878491221 0 1.33873217654157 0.911754521497563 0 5.15242183173418 0 0.215028247734164 5.47604124058968 2.8203490601357 0 5.8250421640012 3.81058778497975 4.9584506297596 0.588779719353135 4.75849726665138 3.96963095200138 1.08099861947555 4.13456383088214 6.26821219913231 5.73879500217866 3.91292610269014 5.38350251081026 5.10829740131576
ENSG00000116299 + G4648 KIAA1324 ENSG00000116299 57535 57535 57535 8.63089482914545 8.19220457397286 1.09501239279212 9.73125202789601 0.533648267977873 1.64100629619744 1.19057220517022 8.4626529859815 1.28555211090763 1.03006599308188 2.31401150043073 2.61328111028205 7.11243397392521 5.12748017003895 1.17681940354256 9.8661014588052 6.1909808753347 1.9926203700004 9.05188714345432 8.72109704779436 7.86734252722692 0.919160553629284 7.16349988197129 9.7482564392539 1.28109138894405 7.45871392028966 7.26061915650227 7.67550580884681 7.88325853747525 7.84347294034185 7.71103096039914
ENSG00000026652 + G469 AGPAT4 ENSG00000026652 56895 56895 56895 0.404931897631153 0.727148229821375 4.08595830312324 0.158428629964514 4.27958360275674 3.2027911572857 3.43721610199614 0.284934124137533 3.82522907938691 3.1765366152812 1.55645904556308 3.17116082273052 3.36617779358661 3.51299881520419 3.52251323386809 0.0945366078003372 1.54474325968984 4.31857197769464 0.624647617045835 0.114359013807457 1.31483987787877 3.73315703277204 1.41469361840883 0.328783756999365 2.88715500699944 0.349286914930016 1.49617094024018 1.95693703264211 0.248937015597072 1.79390534085569 0.178446321662016
ENSG00000116717 + G4693 GADD45A ENSG00000116717 1647 1647 1647 5.76990687534739 5.42965112336946 9.60287694127487 4.35117548523088 7.56633310468217 8.63333644654504 6.92477780691903 5.53563112752465 9.15443630786385 8.65622078474943 9.90163834590324 7.56899232358263 5.46851741021405 7.12224278081975 9.6732357292252 6.00027437058977 7.51983701101078 7.64124071509262 5.97763945338057 6.54079779046377 6.57492290333774 6.8490986461143 6.62898336105611 8.13468536280699 8.65219325820729 7.10983329190624 4.26400125541093 6.08397058785595 7.76097642711463 6.35866695123938 5.84793089933234
ENSG00000118242 + G4879 MREG ENSG00000118242 55686 55686 55686 6.59129073007513 6.64575847536631 3.90475953747557 6.83662213893351 7.17827977361513 5.76894634294022 4.18742257249144 6.32865669898218 5.38201114349952 6.77833729886909 5.12637246425233 5.45924130917352 5.07680664214866 6.0297627030519 4.25592221371915 8.18673249746327 5.8157764405771 5.1703131821128 6.09174400081423 5.70923251867968 5.84230491790832 4.95985174806865 4.94159957947811 5.88107717753982 5.01390822270705 6.67976271906439 6.53962816341793 6.20811086520198 5.4853534913366 6.15167259058676 6.59108241696795
ENSG00000120262 - G5128 C6orf97 ENSG00000120262 80129 NA 80129 5.14107866813477 4.09632477590501 0 4.12207663108759 0.15008205103612 0 0.321145526586593 5.23923165854429 4.29685019224584 0.0827137391809898 0.156172564129897 0.0951437289463739 0.0971383574630333 0.335278651048697 0.361940304050373 6.36934370399825 0.547797865694338 0.0487681362002855 4.05784300239668 0.26259417662494 0 0 0 0 0.296563753085819 0 4.79025189855928 4.30585074806547 0.0337885044664224 5.69648599851061 0.707823601376046
ENSG00000122735 - G5414 DNAI1 ENSG00000122735 27019 27019 27019 2.7747875763257 3.954304975958 0 2.40182322078147 0.153551059711823 0 0.328143943295809 2.89807771269646 0 0.31241427497402 0 0.355390375227743 1.6864295672081 0.181698817987716 0 0.292577331004198 0.382360492490009 0 4.07199034638597 0.749886783825981 4.11383169782108 1.33164412007945 0.489355488710918 1.85223673269614 0 3.22465743843613 3.39478880681009 3.38147162601173 2.13522989536701 3.7026723445683 1.02766357966447
ENSG00000123066 - G5445 MED13L ENSG00000123066 23389 23389 23389 6.63286108737929 7.87565380592876 6.7682611542219 7.16819441702689 6.74317595402465 7.27662433601681 7.01740563226083 6.97198785908574 6.51084374519455 6.919062063009 7.09221999007298 5.97682546591323 6.47895830733334 6.10946906068976 6.4218997060703 8.2904203172155 7.26674150266322 6.44899685771419 6.652704587388 5.38591465619522 5.42833687227344 5.49082515524472 6.15770979394524 6.14726163845241 5.71604987218248 7.23817389826367 9.07325084312086 6.98886807455144 6.42989047274602 7.93531222170569 6.77043706153257
ENSG00000123191 + G5467 ATP7B ENSG00000123191 540 540 540 7.06435344081228 6.49508090648291 3.53286817561215 6.78149504640007 0.600542494347544 3.8548121758135 2.26377398120078 6.33350173383299 4.37399926700462 2.04473190138816 1.7852181589889 3.31759754315101 5.53410217725315 0.443958149834962 1.00794380031827 4.63008286141421 5.17013541000262 2.10005403195239 6.91809914870614 3.26382389234066 4.12664233940027 3.55939406199379 3.59659556751103 4.41670348342106 1.76598262727942 3.31281489854203 3.9755894599161 7.85092464815357 5.57534146978905 5.71200188950636 4.69702213460239
ENSG00000124126 - G5567 PREX1 ENSG00000124126 57580 57580 57580 8.80595145555734 10.4089355484039 0.22186351788619 6.81013310380273 0.118195297992206 4.48046284464909 5.65587439808715 6.61144957011976 5.8228899943742 5.99249270884449 4.71980112054334 2.90747200068791 3.88838420153505 0.140171912439699 6.4914752880186 9.60084195447035 6.74154450610995 0.458896162642618 8.67454563260552 4.2039668804889 9.50721668864109 2.34451587766039 7.37939570697177 4.47176907278888 5.18276338192157 7.40446529024959 10.2262529086181 10.0827790775645 8.31804827476033 10.6766868586308 9.47026696229087
ENSG00000124507 + G5648 PACSIN1 ENSG00000124507 29993 29993 29993 4.29165816956059 6.4820026978598 0.0626566627039938 5.9465678597821 0 2.16355982210418 0.731206868291127 5.08383553998195 0.0575904854155319 3.97727679933355 5.39159027146021 0.588432657241612 5.24673709582387 1.61319183964315 0.498180008676186 5.90066735542814 6.35491380503813 0 4.1301940148508 2.64539415457584 5.0322455588828 1.30632060848333 3.37935609717799 3.38929855535948 2.82284440961808 3.32573846276591 7.51871512742084 6.40674154021415 4.76824381053664 4.2157492955748 3.33767226188967
ENSG00000124713 + G5685 GNMT ENSG00000124713 27232 27232 27232 5.23087718644195 4.64341761994446 2.93924504756747 4.20365637208016 1.77061016517212 2.2946699286856 2.089361448194 5.36007158830003 1.55681199138051 1.29009150056028 2.99554077603103 1.32054933830481 5.33514498130954 1.89663892793713 2.65708081969175 3.87041341518912 3.50366431278477 0.592623532500788 6.58288310058645 6.90067860294258 2.51578758618694 1.05788689487072 2.86240661066598 2.43313646785718 1.70781916142974 3.61039645591725 7.36244226193296 5.72181775323316 2.17849195587242 5.82467346711616 4.10494095592788
ENSG00000129295 - G6263 LRRC6 ENSG00000129295 23639 23639 23639 2.99564954298792 5.04828257767683 0.635856643185868 2.96562057810023 1.43053448422056 0.25056732179767 1.18163860829151 2.86003988182443 1.2767336924871 1.96738527062707 1.37365225154325 2.8052823660498 1.23000345977527 0.139228147662991 0.470897050184993 3.43456241279615 2.22050094986552 1.43373976601995 1.40556995578529 1.95258662546616 0 0.299272515669374 0.233238543331299 2.45750370018661 0.438599191901179 2.87432502970504 2.95399012241355 2.40273952427614 0 3.98794887075843 3.10674086010526
ENSG00000134240 + G7014 HMGCS2 ENSG00000134240 3158 3158 3158 9.5646542555176 0 0 2.02951595136726 0 0 0.279493422702252 6.51976335612887 0 0 0.667340771266504 0 3.19844244949258 0 0 1.20159158858203 4.14941963104852 1.55855299520915 8.55547459688669 0 3.62667575663686 0 5.83630969932692 4.25655213544879 0 4.68025133916492 5.02642744527617 7.57990949216589 2.16355032326219 4.8179482577514 6.3247108640854
ENSG00000134830 + G7128 GPR77 ENSG00000134830 27202 NA 27202 4.64094623302211 6.78867391434373 0 6.90431132027868 3.23144089164498 0 0 5.55878588550822 0 0 0 0 0.67971317605611 0.18853641117099 1.14294543302398 5.6392397439984 3.96821021492386 1.1191937740946 6.09500663379822 0 1.15126459982492 4.68798653594173 0.569078939502856 2.82390365407896 1.791103317367 3.24905103879339 7.46516421858348 7.95469214105607 2.88348084653434 5.40552611435972 5.23022422686185
ENSG00000134871 + G7133 COL4A2 ENSG00000134871 1284 1284 1284 2.38756635059863 0.645122310860987 9.42650484899532 0.685790099013779 2.99631637067844 8.46160122344951 7.45542151440058 0.843603248432905 6.91941628807133 8.69259633476268 7.75569827490157 3.84354871180325 2.76821158517662 1.35106033896031 10.3648115732201 0.472190087655385 4.80863866084546 7.47133974812332 2.14612295006999 2.6113387791577 4.41168636432649 9.03232277995937 2.42557245942382 3.42620851819885 8.55851106125966 1.51967700802665 0.83869788303454 1.6214302511775 1.99824139467899 1.52798862410357 1.46678795527342
ENSG00000135097 - G7173 MSI1 ENSG00000135097 4440 4440 4440 5.20300257503914 6.84140766442808 3.43715857209456 0.415299886857075 1.243097808017 2.75169771328034 0.850041970530888 4.64424013143711 2.87916285183665 1.5251826672631 4.19378139269223 2.30274630429619 1.1036184882737 0.302645434974731 0 5.77020854434152 5.73077429353301 0 5.02415862615395 0 0 0.17984994176029 0.379880629116035 2.99369441829634 0.945263348309616 1.35529252638808 5.82805475086671 4.41261074146764 0.444486700349064 5.00503743451035 1.14265000549754
ENSG00000135392 + G7229 DNAJC14 ENSG00000135392 85406 85406 85406 7.18794916750817 7.9128818653664 7.00198159191241 8.10747626741077 7.00704942703555 6.16243615054406 6.24973766429223 6.97193438177917 5.96497965752353 7.35601710344402 6.53376473494479 6.71015350542221 7.38780576673689 7.01015886618607 6.78353898214343 7.93809369346697 6.97130570582094 7.1825571178585 7.56462287039603 7.41172124490074 7.03113790671316 6.33894470486008 7.22079078435656 7.02130400289807 6.92670577324814 7.36921952034048 8.54457603300966 7.9451650487626 6.83361942557171 7.36191594203771 7.12561926278133
ENSG00000135773 + G7308 CAPN9 ENSG00000135773 10753 10753 10753 3.5346722426758 3.55983806946179 0 1.0939058236172 1.78163689695985 0.312686769333468 0.321137491127357 6.62643234849599 0.180387816777687 0 0.547812956424276 0.428028993586695 2.26056386691154 0.48368220218927 0.586269309224544 2.91983384248175 3.41623744682008 0 6.92133837453729 2.48024368647192 2.44836632954424 0 4.5568521036548 3.28661439619142 0 2.80857177415994 4.43826666533517 4.28018736900554 2.11506347894644 5.31158496016955 5.64001419719046
ENSG00000136883 - G7534 KIF12 ENSG00000136883 113220 113220 113220 3.8165353719497 7.49990689440305 0 7.24574070005871 0 0.520450054517537 0.375134067813922 6.25197922373407 4.73562313710458 1.17956939843072 2.34170545879197 1.70139795301702 2.25141695463084 3.05328384949292 0.993406606178315 5.3556885715428 0.770379773399595 1.94822543691264 7.95742809001251 0 4.59965830787003 0.760280037619326 2.5802306242477 6.337838809635 2.35891986131909 4.8513302529448 2.67827957333017 9.3482431790879 5.9357399799802 8.06476746200428 7.22716997213358
ENSG00000055163 + G764 CYFIP2 ENSG00000055163 26999 26999 26999 7.91628252248889 6.88749649391464 1.48362131649003 8.08044649003208 7.99590540758548 5.69592114493748 1.06180503965764 4.39670636368649 5.47304024149013 1.87160112445202 1.45158274272641 3.15079207515002 1.3056482009716 0.131452159958418 2.06226359657892 5.855589084251 3.8462615865007 2.46802041119164 6.84211879920275 5.11196253827085 6.23104080484819 1.86809158237701 5.05542906965186 2.10439150523988 0.116981689656253 7.10481717522693 6.89228618197744 7.60924143924745 5.49373330668171 6.46609509156065 5.19939376288524
ENSG00000139219 + G7975 COL2A1 ENSG00000139219 1280 1280 1280 2.40467769163302 1.09744390032548 0 0.295290275713852 0.28880376984303 0 0.111948286954568 0.52072567979104 0 0.237479697423399 0.0810384982087351 0.723720031009145 0.194915723217415 0 0 1.64879740632842 4.43220955745981 0 2.32775804780531 0.952679825901643 0 0.285772033012418 0 0 0.158473750688773 3.56043452330131 1.35943113209032 2.92433738212704 1.97104178352926 0.0726418365546235 2.20984502593711
ENSG00000141232 - G8267 TOB1 ENSG00000141232 10140 10140 10140 11.2823749514953 11.005605661374 6.73176061776879 9.98700347264855 6.95041969491809 8.01307450551375 7.58519022120192 11.2833668516296 10.0641721999048 7.83926856621532 8.49106214508409 9.07130693146853 12.0112402010012 8.54152900224112 5.07889858635256 11.2905665895478 8.90763297077272 7.52595436507178 11.1916101996757 10.4408949677565 9.78247251602668 7.13554522582895 9.290171277449 8.13573234090046 7.99359112285743 9.50906547443877 11.1228765246925 10.2342740981077 10.1403612538339 10.5128351137344 11.236718573798
ENSG00000141376 - G8285 BCAS3 ENSG00000141376 54828 54828 54828 6.89241255613279 6.14758489564174 4.02505534033231 6.36846480418831 4.14525892236669 4.01499299758861 4.62228039475741 5.60878468856267 5.59219687770207 2.90981892974352 4.21148203892849 4.36328523571796 6.09217651302945 4.707396856271 4.56013104794502 10.3920200188317 4.91690007014666 5.3889604386737 5.47883305659817 5.81480034477125 3.99922236692522 3.71470707668104 4.18693144877027 6.62106958400029 5.27311696409502 7.19717502015133 6.42449443762499 6.28602081850224 4.73814727140002 5.62769078041005 6.90147955302729
ENSG00000141977 + G8382 CIB3 ENSG00000141977 117286 117286 117286 2.1565935321318 3.34602295683281 0 1.97641537248899 0 0 0.987066004602769 4.52613889218949 0 0 1.22969350606648 0.343178007889788 1.71265879568205 0.600410861406245 0 3.99189286701981 0 0 3.03129494461478 1.85653935289471 0.442302419653811 0 0.917009098756848 0 0 2.5230499400543 2.1094209866325 5.69167780465794 3.40853829812559 3.33319808355562 1.99013325443784
ENSG00000143412 + G8587 ANXA9 ENSG00000143412 8416 8416 8416 3.79942642521469 8.84309980469154 0.891023366537683 8.23445748789436 3.06109264750383 0.792082566868424 1.15356149832627 6.90571757916441 3.59061432503184 2.93248143750984 2.86191537375103 5.3518371619977 7.34947290495163 5.16263844400984 0.168715047942554 9.14623284970371 6.74550837012372 1.50878539111496 7.89650844247242 7.60470271771716 5.76023378544232 3.36508323859063 5.87540577733682 5.54945177286579 4.86052043994568 5.82406714236917 8.35669859265234 9.0064267487505 6.92436794221603 7.7033624561362 7.2105280703142
ENSG00000144218 + G8740 AFF3 ENSG00000144218 3899 3899 3899 4.86211843180329 7.32999896596805 5.4881229938247 6.89208092116402 5.69770463648598 0.586241732694377 3.25401212868293 3.53445748983699 2.25443813417739 0.197394561632244 0.194603089262199 0.0306282053810653 0.862844055007396 0.2936463231393 4.3983734476106 3.67296949173158 0.999389697778296 0.845655085817238 5.901655399523 1.94097659781431 0 1.96080061616062 1.31962764282308 0.464957099612564 0.284376894556061 5.07118572903223 6.25482427593094 3.87181167406154 0.407221873917466 2.37466174623163 5.11378890543225
ENSG00000144711 - G8811 IQSEC1 ENSG00000144711 9922 9922 9922 6.73525125010918 6.94923781235741 6.50176274458689 6.72134856016643 5.55102134245597 6.42427445131254 5.91196339606355 8.04722053582442 7.02971220434307 5.8618477309572 7.03698842739024 6.24494706006667 6.10719355936487 5.25327921444078 6.56244097330981 6.73564344961635 7.59909693656974 6.02033442677085 7.10734049922035 6.98025435700456 6.6243684976755 5.97858290849017 5.6473547716765 6.59633497000133 5.36622877752928 7.15388643321048 7.3043467919273 7.90631986995004 6.68507721746584 6.96625504205353 8.09636568872056
ENSG00000145431 - G8912 PDGFC ENSG00000145431 56034 56034 56034 3.55284449989263 2.5955705925526 6.53125528321964 2.80751576592132 7.241947565163 6.01533350956966 6.27195715078653 4.41074879335842 4.06814721645176 5.57261123583908 4.13795049001477 7.306788087235 4.56303996280404 6.41636929299501 5.63668897511256 1.33531070998353 4.8223406693819 8.15183009036674 3.46978594318127 3.53026537954059 2.28184609486579 5.77880454795358 5.90312522078407 7.41523203518582 6.35737231938965 4.94659567308956 4.3287756947551 0.118632424298716 4.26591913846756 3.87149527974724 2.50198523472111
ENSG00000146038 - G8999 DCDC2 ENSG00000146038 51473 51473 51473 2.00125201522882 4.30163286479294 0.545526204652301 3.86403652487806 1.46285660510158 0.259349420484991 0.284194501681598 3.41171105233832 0.434838716571381 1.36132333927613 1.95368699870163 0.28049230435453 0.882555061178116 0 0.123078291340275 5.07297807805647 2.66496012200356 0 2.83022662055958 0 1.16023006559753 0 3.4460758484719 3.07561546676399 0 0.229011627368464 4.89258039580011 4.93376642845117 0.174499288921914 3.49358284867661 1.76940135798508
ENSG00000146112 + G9015 KIAA1949 ENSG00000146112 170954 NA 170954 5.39687903374582 5.27056668432544 7.9331032684402 6.94510295263246 7.42836514693652 7.7242021975037 7.48842785129281 4.22013806219957 6.29073957535171 7.96672080476628 6.77995963172872 6.50012770954846 6.47984053390063 6.84236066672299 8.63982522766304 6.05565116239279 6.74208369498234 8.18086506612738 6.08610513639854 5.94715565629325 6.04137820383725 7.09720893440034 5.72290975367463 6.16236536499978 8.08609184283841 5.9580852013732 4.80231451544096 4.51409180580077 5.84923314587593 5.59765424380494 3.7408825473585
ENSG00000146476 + G9064 C6orf211 ENSG00000146476 79624 79624 79624 7.71019785007522 8.49431723952993 6.01717945450828 8.4577007601288 6.27759112401993 4.65119194713491 5.99542763982991 7.44250822218892 6.35604687674294 6.01243783895865 3.53612585960022 6.61835639568579 4.56174041097294 6.51751537412839 5.21076463438629 9.34096746529887 5.71259249917319 6.72054177330137 8.18124013798503 4.7511004379193 6.44108609722979 4.21848660132504 5.22742771729977 5.22314700116406 5.37221107358314 6.26882946362923 6.59690052541057 6.42896951727638 5.57036607489029 7.04982322351929 6.28387766857384
ENSG00000064787 + G920 BCAS1 ENSG00000064787 8537 8537 8537 11.0683400513705 7.15045399504726 0.930319217597213 5.60997506180095 0.500352819545973 1.12695738287413 1.64000593677463 10.7186485874053 0.256527990645509 0.51931552439348 2.33654307662361 4.09227504881852 7.44864638121249 1.83817849608458 0.95512453002283 6.95701502909362 6.12216087506274 0.832473186267687 6.12337050940543 2.18103393690018 9.40611741093218 0.40769228183705 5.67998842824242 7.32274912719926 1.98845100316062 4.61126433111905 6.11877760355089 8.18499743612421 7.96153821769577 7.22710203894138 10.7575158821761
ENSG00000148841 - G9366 ITPRIP ENSG00000148841 85450 85450 85450 3.24040702421426 2.62797800972607 7.1608810750677 2.35161873432914 5.60786747346163 4.7252805231056 5.93942134368702 4.30644124792699 5.09564650651907 6.30159477972671 5.32000084018423 6.44287121872461 3.71661849660817 6.12550764995333 7.99786672292162 3.10230410533532 5.70211265377892 7.28298405167357 4.23208090761951 2.90121987250664 4.540262209237 5.11963850303241 5.48251832271345 5.59882716815629 5.90506580296092 5.47702776806954 3.54931040481695 3.70249941882855 5.69635646191162 3.39324811140801 3.73841533173364
ENSG00000151303 + G9614 AGAP11 ENSG00000151303 NA 119385 119385 4.21204733733232 3.89976240958298 1.57017556234218 3.64423222821959 1.90769081435675 3.62922189266439 0.600630012855905 5.01944998451128 3.47127283877765 3.0434475505903 1.00069147438517 0 2.0342131662809 1.53459168409595 1.93233729085092 1.72546844531593 4.20330739008704 2.5714851506507 4.24050696606746 1.94570666994002 2.45667898146303 1.69981131979732 0.651027498946916 3.2795031218592 1.59863342937712 4.1118705050038 3.92248816035322 6.70448885624279 3.11633144850144 2.8735572291529 4.59107912524407
