>Sample_1
Omics profile 5 6 6 6 6 6 6 6 6 6 6 6 5 6 6 5 5 6 6 6 6 6 6 6 6 6 5 6 6 6 6 6 5 5 5 6 6 6 5 6 6 6 6 6 6 6 6 6 5 6 6 6 6 6 6 6 6 6 6 6 6 6 6 6 6 6 6 6 5 6 6 6 6 6 6 6 6 6 6 6 6 6 6 6 6 6 6 6
>Sample_2
Omics profile 5 6 6 6 6 6 6 6 6 6 6 6 5 6 6 5 5 6 6 6 6 6 6 6 6 6 5 6 6 6 6 6 5 5 5 6 6 6 5 6 6 6 6 6 6 6 6 6 5 6 6 6 6 6 6 6 6 6 6 6 6 6 6 6 6 6 6 6 5 6 6 6 6 6 6 6 6 6 6 6 6 6 6 6 6 6 6 6
>Sample_3
Omics profile 3 2 5 5 5 3 4 6 4 6 4 4 3 5 6 1 3 4 4 3 6 5 6 5 6 4 3 5 5 4 6 4 5 4 2 6 3 4 1 4 5 4 6 3 5 3 6 5 3 6 5 6 6 5 1 6 6 6 2 2 6 4 3 6 5 4 5 6 4 3 5 4 4 4 6 4 6 6 3 3 5 4 2 4 6 6 2 6
>Sample_4
Omics profile 3 2 5 5 6 6 5 6 5 5 6 6 3 6 5 3 3 6 4 4 5 6 6 5 6 6 4 5 6 1 6 5 5 5 2 6 6 6 2 6 5 6 1 2 6 5 6 6 3 5 4 6 6 5 2 6 5 5 3 1 6 5 6 6 6 6 5 6 5 1 6 6 4 6 6 3 5 5 4 6 6 5 2 5 6 5 1 5
>Sample_5
Omics profile 5 5 2 6 6 1 6 2 4 1 4 1 5 3 2 4 5 6 6 6 4 3 1 5 5 4 5 2 5 5 3 5 3 2 4 1 6 1 4 2 1 3 4 6 2 2 1 1 5 2 1 2 2 1 6 2 6 1 6 6 1 6 4 3 1 1 4 2 5 6 4 3 6 6 2 6 1 2 6 1 6 3 6 2 3 2 6 2
>Sample_6
Omics profile 5 3 6 3 4 4 5 5 3 4 6 5 3 5 4 1 2 5 5 3 6 6 6 4 6 6 5 3 4 6 6 6 5 4 2 6 4 6 4 6 4 3 1 1 6 6 6 6 4 4 4 4 5 3 2 6 2 6 1 1 6 4 5 6 4 6 5 5 2 1 1 6 2 5 6 2 4 6 2 6 6 4 2 5 6 4 1 5
>Sample_7
Omics profile 1 6 1 2 2 6 5 1 2 3 3 2 5 4 5 2 1 3 6 2 2 2 2 1 4 1 5 2 4 5 6 3 5 5 4 4 3 1 4 4 1 2 5 4 2 6 2 1 5 1 1 1 4 1 6 6 2 1 6 5 6 1 4 1 1 6 2 3 5 4 3 3 2 6 6 2 1 2 6 2 6 1 6 3 4 1 5 2
>Sample_8
Omics profile 5 6 4 1 1 4 2 2 4 3 1 2 1 4 2 4 5 2 6 6 2 2 3 1 4 2 5 1 6 3 2 2 4 5 4 2 5 3 4 2 2 1 4 5 4 1 1 3 2 2 2 3 3 2 6 3 3 2 5 6 3 6 6 4 3 2 3 1 5 6 3 1 1 1 5 6 2 1 6 1 2 3 5 1 1 2 3 5
>Sample_9
Omics profile 5 6 3 1 6 1 3 3 2 1 1 2 5 3 1 4 1 2 1 1 5 6 2 1 3 1 5 3 3 3 1 1 2 2 4 3 1 4 1 1 1 1 5 6 2 3 1 1 2 3 1 2 1 1 5 2 1 2 5 4 1 2 5 2 3 2 2 2 1 5 2 1 1 1 1 1 2 3 2 1 4 2 5 2 3 2 6 1
>Sample_10
Omics profile 4 1 4 6 5 6 3 6 5 6 5 6 5 6 6 2 4 3 5 5 6 6 6 6 6 5 4 6 5 6 6 6 5 3 4 5 3 5 4 6 5 4 6 2 5 3 5 5 1 6 4 5 6 6 1 5 6 6 2 2 5 4 5 6 4 5 6 5 4 2 5 3 6 5 3 3 6 4 4 5 4 6 4 4 6 6 3 6
>Sample_11
Omics profile 2 6 6 2 1 2 1 5 2 2 2 3 1 5 2 4 5 2 6 1 2 4 4 2 3 2 5 4 2 5 4 2 4 1 4 2 2 2 4 2 2 6 2 3 3 4 2 2 5 4 2 4 2 1 5 4 6 2 6 6 3 6 3 4 3 1 2 3 5 5 4 1 1 4 4 6 4 4 6 3 4 5 3 2 4 1 4 4
>Sample_12
Omics profile 1 5 6 6 1 1 6 1 1 2 2 1 5 1 3 3 5 1 1 6 1 1 1 2 3 6 5 3 2 5 1 2 3 5 4 2 2 2 4 1 2 2 3 6 1 6 4 4 5 2 2 6 4 3 5 6 2 1 5 6 6 1 4 2 4 4 1 4 5 6 3 5 6 2 2 2 2 1 6 2 1 2 4 3 3 1 6 4
>Sample_13
Omics profile 5 6 3 1 3 2 2 2 2 3 5 3 2 2 2 4 5 3 1 6 4 4 2 3 3 3 1 3 3 4 4 4 4 5 4 4 4 2 4 1 4 6 3 6 4 1 4 5 5 2 3 3 2 4 4 2 1 3 4 6 2 6 5 2 3 5 4 3 1 6 4 2 2 3 2 1 3 2 2 2 1 5 3 3 1 3 4 1
>Sample_14
Omics profile 2 6 2 2 4 4 1 3 1 2 3 4 2 4 3 4 5 1 2 3 4 3 5 6 2 3 1 2 3 6 2 4 3 5 4 3 3 1 4 5 3 2 4 5 4 2 3 4 1 3 4 1 5 4 6 3 6 3 5 5 3 2 2 3 2 1 1 5 5 4 3 2 1 2 3 3 3 2 1 3 1 3 6 2 5 3 6 6
>Sample_15
Omics profile 3 4 6 4 4 2 6 6 5 5 4 3 1 5 3 4 2 4 3 5 6 2 3 4 1 3 5 6 2 6 1 1 2 1 4 4 1 6 4 3 6 1 2 2 3 6 4 3 5 4 4 3 5 4 4 4 4 4 5 1 2 3 3 5 2 5 6 2 2 4 2 5 3 2 1 2 6 5 2 5 3 2 4 2 1 6 2 3
>Sample_16
Omics profile 5 4 6 6 6 6 1 5 1 4 3 2 5 2 6 4 5 2 2 6 3 3 6 4 1 3 4 2 1 6 3 1 4 5 4 1 6 5 4 2 3 6 5 6 2 1 3 3 5 3 3 2 1 3 6 3 6 3 6 4 4 1 2 1 1 2 2 1 5 2 1 3 2 3 1 6 3 3 1 3 2 1 6 6 5 3 6 1
>Sample_17
Omics profile 5 5 3 2 3 3 1 2 3 1 3 1 2 1 1 4 5 1 6 1 4 4 1 2 2 1 5 1 4 2 2 3 2 3 4 1 1 1 4 3 1 2 3 6 2 2 2 2 1 1 2 1 1 2 4 1 1 2 6 6 1 6 2 1 4 1 3 2 5 6 6 2 2 2 2 6 1 3 6 1 5 3 5 1 2 2 6 3
>Sample_18
Omics profile 4 3 5 4 6 6 4 5 6 5 4 6 2 6 6 2 1 4 3 3 6 6 5 5 6 5 2 3 6 1 6 6 5 3 2 6 5 6 1 4 6 5 6 1 5 5 4 6 5 6 5 5 6 6 1 5 5 6 1 2 6 1 6 5 6 5 5 6 1 1 6 6 4 4 5 4 6 6 4 6 4 4 1 6 6 5 1 2
>Sample_19
Omics profile 1 3 3 5 5 5 4 4 5 4 4 5 3 3 4 2 2 4 2 6 5 4 5 3 4 4 2 5 5 2 5 3 1 1 1 3 5 3 4 3 6 4 2 3 5 2 6 4 2 3 6 4 4 6 3 3 2 3 4 4 4 2 6 5 4 6 4 4 2 5 5 3 4 1 3 5 3 3 6 4 3 6 4 4 3 4 5 6
>Sample_20
Omics profile 5 6 6 3 4 3 2 3 1 1 5 2 5 4 2 4 5 1 1 6 2 1 3 4 4 1 5 1 1 4 2 5 3 2 4 1 2 3 4 5 6 3 3 6 1 3 5 2 5 2 1 1 6 2 5 1 6 3 6 5 2 6 3 2 1 6 1 3 1 5 6 4 6 2 3 6 2 4 6 2 2 2 6 6 5 2 6 3
>Sample_21
Omics profile 4 1 4 5 6 4 4 3 6 6 5 5 4 5 5 1 1 6 5 3 5 5 4 5 6 6 2 4 5 2 5 6 1 4 2 6 5 6 2 6 5 5 2 3 6 5 5 5 4 5 5 5 3 6 3 5 5 6 3 2 4 5 4 6 5 4 6 3 4 3 5 6 6 6 5 4 6 4 3 6 6 6 2 4 6 5 3 6
>Sample_22
Omics profile 3 1 5 3 4 3 4 1 5 6 3 3 4 2 5 1 5 6 4 2 3 2 4 4 1 4 5 5 6 3 4 5 5 2 1 5 3 4 4 3 3 6 2 1 5 5 3 1 5 6 6 4 3 2 2 4 3 6 1 3 3 2 1 2 2 2 6 4 5 4 6 6 3 6 4 3 5 5 2 5 3 5 2 6 2 3 1 3
>Sample_23
Omics profile 5 3 1 2 3 5 3 5 6 2 1 3 5 2 6 4 5 4 2 6 1 3 3 3 3 4 5 4 3 2 1 1 5 2 4 2 6 4 4 1 3 1 5 4 4 2 2 6 5 4 3 6 1 3 5 4 4 5 3 3 4 5 1 4 6 5 3 6 2 5 6 4 3 4 5 6 4 1 1 4 6 4 1 3 5 6 3 3
>Sample_24
Omics profile 5 5 2 6 2 1 2 3 3 3 1 1 5 2 1 4 5 2 6 6 3 5 2 2 2 2 5 4 1 4 3 3 4 5 4 3 4 2 4 5 2 6 3 4 1 3 1 2 5 1 2 2 2 6 6 1 1 1 6 4 2 3 1 3 2 2 1 1 5 6 1 1 6 1 2 2 1 1 6 2 3 2 5 6 1 1 4 2
>Sample_25
Omics profile 1 3 1 3 3 3 2 4 3 2 6 6 1 4 3 4 2 3 3 1 1 1 2 3 2 2 2 1 2 3 2 4 3 5 4 4 2 5 4 3 3 4 4 4 3 4 3 2 1 5 6 3 3 6 4 2 4 4 3 3 1 2 2 3 5 3 4 1 3 3 1 5 5 3 4 6 4 2 1 4 3 1 5 5 2 4 4 1
>Sample_26
Omics profile 2 4 3 3 2 4 6 2 2 4 2 6 5 3 4 4 5 5 3 4 3 2 4 1 4 5 1 6 3 3 5 2 2 5 4 3 4 3 4 4 6 5 1 5 6 4 2 3 5 5 5 5 3 5 3 2 3 6 2 5 4 3 2 4 2 3 3 4 3 4 4 4 4 5 3 6 3 6 6 4 2 3 6 4 2 5 5 4
>Sample_27
Omics profile 5 5 6 6 2 2 3 1 3 3 2 4 5 1 1 4 5 6 6 2 1 1 3 2 1 3 5 2 2 5 3 3 2 5 4 5 2 2 4 4 2 2 5 5 1 6 4 4 5 1 3 2 2 2 4 1 2 2 4 6 2 6 1 1 3 3 2 2 5 6 2 2 6 3 1 1 2 4 6 3 1 1 6 6 2 3 5 2
>Sample_28
Omics profile 2 4 2 1 1 6 5 4 6 5 6 5 4 3 5 3 3 3 4 2 6 3 5 6 5 2 3 6 1 2 4 6 5 5 1 2 6 6 4 6 6 3 6 2 4 4 5 4 2 4 6 6 6 4 2 5 3 4 2 4 6 4 6 3 5 3 4 5 3 2 3 5 3 4 6 5 4 6 3 4 5 6 4 1 4 4 4 5
>Sample_29
Omics profile 4 1 4 4 3 5 6 6 4 6 6 4 5 6 3 2 4 5 4 4 4 6 6 6 5 5 3 6 6 1 5 6 1 3 3 5 5 3 2 6 4 5 6 1 3 6 6 6 3 6 6 3 6 4 3 6 5 4 3 1 5 5 6 4 6 6 6 5 3 1 6 6 5 3 6 3 6 6 3 6 6 6 3 5 5 4 2 5
>Sample_30
Omics profile 4 2 5 6 6 6 6 6 6 6 6 6 4 6 6 3 3 6 2 4 5 6 6 6 6 6 2 6 6 1 4 6 5 4 3 6 6 5 3 5 6 6 1 2 6 6 3 6 3 5 5 6 5 5 2 3 5 4 4 3 5 4 5 6 6 6 6 4 4 3 4 6 5 6 6 5 5 5 5 6 5 6 1 6 4 6 2 6
>Sample_31
Omics profile 5 4 1 4 5 2 5 4 4 4 2 4 5 1 6 4 5 5 3 2 2 4 1 3 2 5 1 4 4 4 3 2 1 1 4 4 1 5 1 2 4 3 4 5 3 1 6 3 5 3 3 6 4 3 6 5 3 5 2 5 3 3 3 5 5 4 3 6 2 3 2 2 3 5 4 4 5 3 4 5 2 4 3 1 3 6 5 4
>Sample_32
Omics profile 3 2 4 5 5 5 6 6 6 6 6 6 3 6 4 4 3 6 5 4 3 5 5 6 5 6 3 6 6 6 5 5 5 3 3 6 6 6 2 5 5 4 6 3 6 4 5 6 3 6 6 4 5 5 3 4 4 5 4 3 5 5 6 6 6 4 6 6 3 2 5 5 5 6 5 1 5 5 4 6 4 5 3 5 6 5 2 4
>Sample_33
Omics profile 2 2 2 4 2 5 3 4 6 5 5 5 2 6 4 3 2 5 5 5 6 5 4 6 5 6 3 5 4 6 6 4 5 4 1 5 4 4 2 6 4 5 6 4 6 5 6 5 2 6 6 5 4 6 1 6 4 5 1 2 5 3 4 5 6 3 5 6 4 2 2 4 5 5 4 4 6 6 3 5 5 6 1 3 4 6 3 6
